当前位置坐标: 0
BSSID: c0:f6:c2:d1:4b:d3, SSID: SUSTech-802.1x
-83
-83
-82
-82
-82
-82
-82
-82
-82
-82
-82
-82
-82
-82
-82
-82
-82
-82
-82
-82
-82
-82
-82
-82
-82
-82
-82
-82
-82
-82
-82
-82
-82
-82
-82
-82
-82
-82
-82
-82
-82
-82
-82
-82
-82
-82
-82
-82
-82
-82
-82
-82
-82
-82
-82
-82
-82

BSSID: c0:f6:c2:d1:b3:d0, SSID: SUSTech-wifi
-72
-72
-72
-72
-72
-72
-72
-72
-72
-72
-72
-72
-72
-72
-72
-72
-72
-72
-72
-72
-72
-72
-72
-72
-72
-72
-72
-72
-72
-72
-72
-72
-72
-72
-72
-72
-72
-72
-72
-72
-72
-72
-72
-72
-72
-72
-72
-72
-72
-72
-72
-72
-72
-72
-72
-72
-72

BSSID: c0:f6:c2:d1:4b:e1, SSID: SUSTech-802.1x
-72
-72
-73
-73
-73
-73
-73
-73
-73
-73
-73
-73
-73
-73
-73
-73
-73
-73
-73
-73
-73
-73
-73
-73
-73
-73
-73
-73
-73
-73
-73
-73
-73
-73
-73
-73
-73
-73
-73
-73
-73
-73
-73
-73
-73
-73
-73
-73
-73
-73
-73
-73
-73
-73
-73
-73
-73

BSSID: 00:e4:06:97:47:e2, SSID: SUSTech-wifi
-84
-84
-84
-84
-84
-84
-84
-84
-84
-84
-84
-84
-84
-84
-84
-84
-84
-84
-84
-84
-84
-84
-84
-84
-84
-84
-84
-84
-84
-84
-84
-84
-84
-84
-84
-84
-84
-84
-84
-84
-84
-84
-84
-84
-84
-84
-84
-84
-84
-84
-84
-84
-84
-84
-84
-84
-84

BSSID: c0:f6:c2:d1:10:13, SSID: SUSTech-802.1x
-77
-77
-77
-77
-77
-77
-77
-77
-77
-77
-77
-77
-77
-77
-77
-77
-77
-77
-77
-77
-77
-77
-77
-77
-77
-77
-77
-77
-77
-77
-77
-77
-77
-77
-77
-77
-77
-77
-77
-77
-77
-77
-77
-77
-77
-77
-77
-77
-77
-77
-77
-77
-77
-77
-77
-77
-77

BSSID: c0:f6:c2:d1:4b:e0, SSID: SUSTech-wifi-5G
-72
-72
-73
-73
-73
-73
-73
-73
-73
-73
-73
-73
-73
-73
-73
-73
-73
-73
-73
-73
-73
-73
-73
-73
-73
-73
-73
-73
-73
-73
-73
-73
-73
-73
-73
-73
-73
-73
-73
-73
-73
-73
-73
-73
-73
-73
-73
-73
-73
-73
-73
-73
-73
-73
-73
-73
-73

BSSID: c0:f6:c2:d1:b3:e1, SSID: SUSTech-802.1x
-57
-57
-58
-58
-58
-58
-58
-58
-58
-58
-58
-58
-58
-58
-58
-58
-58
-58
-58
-58
-58
-58
-58
-58
-58
-58
-58
-58
-58
-58
-58
-58
-58
-58
-58
-58
-58
-58
-58
-58
-58
-58
-58
-58
-58
-58
-58
-58
-58
-58
-58
-58
-58
-58
-58
-58
-58

BSSID: c0:f6:c2:d1:4b:e2, SSID: SUSTech-wifi
-72
-72
-72
-72
-72
-72
-72
-72
-72
-72
-72
-72
-72
-72
-72
-72
-72
-72
-72
-72
-72
-72
-72
-72
-72
-72
-72
-72
-72
-72
-72
-72
-72
-72
-72
-72
-72
-72
-72
-72
-72
-72
-72
-72
-72
-72
-72
-72
-72
-72
-72
-72
-72
-72
-72
-72
-72

BSSID: 00:e4:06:97:47:d3, SSID: SUSTech-802.1x
-86
-86
-86
-86
-86
-86
-86
-86
-86
-86
-86
-86
-86
-86
-86
-86
-86
-86
-86
-86
-86
-86
-86
-86
-86
-86
-86
-86
-86
-86
-86
-86
-86
-86
-86
-86
-86
-86
-86
-86
-86
-86
-86
-86
-86
-86
-86
-86
-86
-86
-86
-86
-86
-86
-86

BSSID: c0:f6:c2:d1:10:10, SSID: SUSTech-wifi
-77
-77
-77
-77
-77
-77
-77
-77
-77
-77
-77
-77
-77
-77
-77
-77
-77
-77
-77
-77
-77
-77
-77
-77
-77
-77
-77
-77
-77
-77
-77
-77
-77
-77
-77
-77
-77
-77
-77
-77
-77
-77
-77
-77
-77
-77
-77
-77
-77
-77
-77
-77
-77
-77
-77
-77
-77

BSSID: c0:f6:c2:d1:b3:d3, SSID: SUSTech-802.1x
-72
-72
-72
-72
-72
-72
-72
-72
-72
-72
-72
-72
-72
-72
-72
-72
-72
-72
-72
-72
-72
-72
-72
-72
-72
-72
-72
-72
-72
-72
-72
-72
-72
-72
-72
-72
-72
-72
-72
-72
-72
-72
-72
-72
-72
-72
-72
-72
-72
-72
-72
-72
-72
-72
-72
-72
-72

BSSID: c0:f6:c2:d1:10:21, SSID: SUSTech-802.1x
-73
-73
-73
-73
-73
-73
-73
-73
-73
-73
-73
-73
-73
-73
-73
-73
-73
-73
-73
-73
-73
-73
-73
-73
-73
-73
-73
-73
-73
-73
-73
-73
-73
-73
-73
-73
-73
-73
-73
-73
-73
-73
-73
-73
-73
-73
-73
-73
-73
-73
-73
-73
-73
-73
-73
-73
-73

BSSID: c0:f6:c2:d1:10:20, SSID: SUSTech-wifi-5G
-73
-73
-73
-73
-73
-73
-73
-73
-73
-73
-73
-73
-73
-73
-73
-73
-73
-73
-73
-73
-73
-73
-73
-73
-73
-73
-73
-73
-73
-73
-73
-73
-73
-73
-73
-73
-73
-73
-73
-73
-73
-73
-73
-73
-73
-73
-73
-73
-73
-73
-73
-73
-73
-73
-73
-73
-73

BSSID: c0:f6:c2:d1:4b:d0, SSID: SUSTech-wifi
-82
-82
-81
-81
-81
-81
-81
-81
-81
-81
-81
-81
-81
-81
-81
-81
-81
-81
-81
-81
-81
-81
-81
-81
-81
-81
-81
-81
-81
-81
-81
-81
-81
-81
-81
-81
-81
-81
-81
-81
-81
-81
-81
-81
-81
-81
-81
-81
-81
-81
-81
-81
-81
-81
-81
-81
-81

BSSID: c0:f6:c2:d1:10:22, SSID: SUSTech-wifi
-73
-73
-73
-73
-73
-73
-73
-73
-73
-73
-73
-73
-73
-73
-73
-73
-73
-73
-73
-73
-73
-73
-73
-73
-73
-73
-73
-73
-73
-73
-73
-73
-73
-73
-73
-73
-73
-73
-73
-73
-73
-73
-73
-73
-73
-73
-73
-73
-73
-73
-73
-73
-73
-73
-73
-73
-73

